#include <iostream>
#include <fstream>
using namespace std;
int main(){
    fstream fi,fo;
    fi.open("ANTOAN.INP",ios::in);
    fo.open("ANTOAN.OUT",ios::out);

    int row,col;
    fi>>row>>col;
    int arr[row][col];
    for (int i=0;i<row;i++){
        for (int j=0;j<col;j++){
            fi>>arr[i][j];
        }
    }
    for (int i=1;i<row-1;i++){
        for (int j=1;j<col-1;j++){
            if (arr[i][j]==0 && arr[i-1][j]==1 && arr[i-1][j-1]==1 && arr[i-1][j+1]==1 && arr[i][j-1]==1 && arr[i][j+1]==1 && arr[i+1][j]==1 && arr[i+1][j+1]== 1 && arr[i+1][j-1]==1) cout<<i+1<<" "<<j+1<<endl;
        }
    }
    fi.close();fo.close();
    return 0;
}




testcase
case:
4 5
1 1 1 0 1
1 0 1 1 1
1 1 1 0 1
0 0 1 1 1
output:
2 2
3 4
case:
20 5
1 1 1 0 1
1 0 1 1 1
1 1 1 0 1
0 0 1 1 1
0 1 1 0 1
1 1 1 0 1
1 0 1 1 1
1 1 1 0 1
0 0 1 1 1
0 1 1 0 1
1 1 1 0 1
1 0 1 1 1
1 1 1 0 1
0 0 1 1 1
0 1 1 0 1
1 1 1 0 1
1 0 1 1 1
1 1 1 0 1
0 0 1 1 1
0 1 1 0 1
output:
2 2
3 4
7 2
8 4
12 2
13 4
17 2
18 4
case:
100 100
0 0 0 1 0 1 1 1 0 0 0 1 1 0 1 0 1 0 1 1 1 0 1 1 1 0 1 0 0 0 0 0 0 0 1 1 0 0 1 1 1 1 0 0 1 1 1 1 0 1 1 0 0 1 1 0 1 1 1 1 0 0 0 1 0 1 1 0 0 1 1 1 0 1 1 0 0 1 1 0 0 0 1 0 0 0 1 0 1 0 0 0 1 0 1 0 0 0 1 0 
0 1 1 0 0 1 1 0 0 1 1 0 0 0 1 1 0 0 0 1 0 0 1 1 1 0 1 0 1 0 1 1 1 1 0 1 0 1 1 1 0 1 0 0 0 0 0 0 1 1 0 1 0 1 0 1 1 1 0 1 1 0 1 0 0 1 1 0 0 1 1 1 0 1 0 1 0 1 0 1 0 1 1 1 1 0 0 1 1 0 0 0 1 1 1 1 1 0 0 1 
1 1 1 1 0 1 0 1 1 1 0 1 0 0 1 0 0 0 1 0 0 0 0 1 0 1 0 1 1 0 0 0 0 1 1 0 0 1 0 1 0 1 0 0 0 1 1 0 1 0 1 1 1 1 1 0 1 0 1 1 0 0 1 0 1 0 1 0 0 1 1 1 1 0 0 0 1 1 1 1 0 0 0 0 0 1 1 0 0 0 0 1 1 1 0 0 0 1 1 1 
1 1 0 1 0 0 1 0 0 1 0 1 1 1 0 0 0 0 0 0 0 0 0 0 1 0 0 0 1 0 0 0 1 0 0 0 1 0 0 0 1 0 1 1 0 0 0 1 1 1 1 1 1 0 0 0 1 1 1 1 0 0 1 0 1 0 0 1 1 1 0 1 0 1 0 1 0 0 1 0 0 0 0 1 1 1 1 1 0 1 1 0 1 0 1 0 0 1 0 1 
0 1 0 1 1 1 1 1 0 1 1 1 1 1 1 1 1 0 0 0 0 0 1 0 0 0 1 0 1 0 0 0 0 1 0 0 1 1 1 1 0 0 1 1 1 0 1 0 0 0 1 0 1 0 0 0 0 0 1 0 0 0 0 1 1 0 1 1 1 0 1 0 0 0 0 1 1 1 0 0 0 0 1 0 1 0 0 0 0 0 0 0 1 0 0 1 1 0 1 1 
0 1 1 1 0 0 1 0 1 0 1 0 0 1 0 0 0 0 1 1 0 1 0 0 0 0 1 1 1 0 0 1 1 1 1 0 0 1 1 0 1 1 1 1 0 0 0 1 1 0 0 1 0 0 0 0 1 0 0 0 1 0 0 1 1 0 1 1 0 0 1 0 1 0 1 1 0 1 1 1 1 0 0 1 1 1 1 1 0 1 0 1 1 0 0 0 0 1 1 1 
0 1 0 1 1 0 1 1 1 0 1 0 0 0 1 0 0 0 1 0 0 1 1 1 1 1 0 0 0 1 0 0 0 0 0 0 1 1 0 1 0 0 1 1 0 1 0 1 0 1 0 0 0 1 1 0 0 0 1 1 0 1 1 0 0 1 1 0 1 0 0 0 1 0 1 1 1 0 0 1 0 1 0 1 0 0 1 0 0 0 1 1 1 0 0 0 0 0 1 1 
0 0 1 0 1 0 1 1 0 0 1 0 0 1 1 1 1 1 1 0 1 0 0 0 1 1 0 1 0 0 0 0 1 0 1 1 0 0 1 1 1 0 1 0 0 0 1 1 1 1 0 0 1 0 1 0 1 0 0 0 1 1 1 0 1 0 1 0 1 1 1 1 1 1 1 0 0 0 0 1 1 0 0 0 1 1 1 1 0 1 0 1 1 0 1 1 0 0 1 1 
1 0 1 1 1 1 1 1 1 0 0 1 0 0 1 0 0 0 1 1 0 1 0 1 1 1 0 0 0 1 1 1 1 0 0 0 1 0 0 1 0 1 0 0 0 0 0 1 0 0 0 1 1 0 1 1 0 1 0 1 1 0 0 1 1 0 0 1 1 1 1 1 0 1 1 0 1 0 1 1 0 1 1 0 1 0 0 0 0 0 0 1 1 0 1 1 1 0 0 0 
1 0 1 0 0 0 1 1 0 0 1 0 1 0 1 1 0 0 1 1 1 0 0 1 0 1 0 0 1 1 1 1 1 0 0 0 0 1 0 1 0 0 0 1 0 1 1 1 1 1 0 1 1 1 1 1 0 1 1 0 0 0 1 1 1 1 0 1 0 1 1 1 0 1 0 1 0 1 1 1 0 0 1 1 0 1 0 0 0 1 0 0 0 0 0 0 1 0 1 1 
0 0 1 0 0 0 0 1 0 0 1 0 1 0 0 0 1 1 1 1 0 1 0 1 0 1 1 1 0 1 0 1 0 0 0 0 1 0 1 0 1 0 1 1 1 1 1 1 1 0 0 1 1 1 0 0 1 1 0 1 1 1 0 1 1 1 1 0 1 1 0 0 1 1 0 0 0 0 1 1 1 1 0 0 0 1 0 0 0 0 0 1 1 0 1 0 1 0 1 0 
1 0 0 1 0 1 1 1 0 1 0 1 1 1 0 1 0 1 0 0 0 1 0 0 0 1 1 0 0 1 0 1 1 1 0 1 1 0 0 0 0 1 0 1 1 1 0 0 1 1 1 0 0 0 0 1 1 0 0 1 0 0 0 0 0 0 0 0 1 0 0 1 0 1 1 0 0 1 0 0 0 1 1 0 0 0 0 1 0 1 0 0 0 1 1 0 0 1 1 0 
1 1 1 1 0 1 0 1 1 0 1 0 1 1 0 0 0 1 0 0 1 0 0 1 0 1 0 0 1 1 0 0 0 0 1 0 0 1 1 0 1 0 0 0 1 1 0 1 0 1 0 0 0 1 1 0 0 0 1 1 1 1 1 1 1 0 0 0 0 1 0 0 0 1 1 1 0 1 1 1 0 0 1 1 0 1 0 1 1 0 0 1 1 0 1 1 1 1 0 0 
0 1 1 0 1 0 1 1 0 1 0 1 0 0 1 0 1 0 0 0 1 0 1 1 1 0 0 1 0 1 0 1 1 1 1 1 0 1 0 0 0 0 0 0 1 0 0 1 1 0 0 1 0 1 1 0 1 0 0 0 0 0 1 0 1 1 1 1 0 1 0 0 0 1 0 0 0 0 0 0 0 0 0 0 1 1 1 1 0 0 0 0 1 1 0 1 0 1 1 1 
0 1 0 0 1 1 1 1 0 1 1 0 1 0 1 0 1 0 0 1 0 1 0 0 1 0 1 1 0 1 1 1 1 1 1 1 1 1 0 0 1 0 0 1 1 0 1 1 0 1 1 1 0 0 1 0 0 0 1 0 0 1 1 0 1 1 1 0 1 0 0 1 1 0 0 0 0 1 0 1 1 1 0 0 0 1 1 1 0 0 0 0 0 0 1 1 1 0 0 0 
0 0 1 1 0 0 0 0 1 1 1 0 1 1 0 1 0 1 1 0 1 0 1 0 1 0 1 0 1 0 0 1 1 0 1 0 1 1 1 1 1 0 1 0 0 1 0 1 0 1 1 0 1 1 0 1 1 0 0 1 0 1 1 0 0 1 0 1 1 1 1 1 1 1 0 1 1 1 0 1 0 1 0 1 0 0 0 1 1 0 0 0 1 1 1 0 1 1 1 1 
0 0 1 0 0 1 1 0 1 1 0 0 0 1 0 1 0 1 1 1 1 1 0 1 0 1 0 0 1 1 0 1 0 1 1 0 0 1 1 1 0 1 0 1 1 1 0 0 0 1 0 0 0 1 0 1 0 0 0 0 0 0 0 0 1 0 0 1 1 0 0 1 0 1 1 0 1 0 0 0 0 1 1 1 0 0 1 1 1 1 0 0 1 0 0 1 0 0 1 0 
0 0 1 0 0 1 0 1 0 1 1 0 1 1 0 0 0 0 0 0 0 0 1 1 0 0 0 0 1 1 0 1 0 1 0 0 1 1 1 1 0 1 0 1 1 0 0 1 0 0 0 1 1 0 0 1 1 0 0 0 1 0 1 0 1 1 0 1 0 1 0 0 0 0 0 0 0 0 1 1 0 1 1 0 0 0 0 1 0 0 0 0 1 0 1 0 0 1 1 0 
0 1 0 0 1 1 0 0 1 0 1 1 1 0 1 1 0 1 1 1 0 1 0 0 1 1 0 1 0 1 1 1 0 0 1 0 0 1 0 0 0 1 0 0 0 0 1 1 0 1 1 1 1 0 0 1 1 1 0 0 0 1 1 0 1 0 1 1 1 1 1 1 0 1 1 0 0 0 0 1 0 1 0 0 1 0 0 0 0 0 0 0 0 1 1 0 1 1 0 0 
0 1 1 1 0 1 1 0 1 1 1 0 0 0 0 1 0 1 1 1 0 1 0 0 1 1 0 1 0 1 1 1 0 0 1 1 1 0 0 0 0 0 1 1 1 1 0 1 0 1 0 0 1 0 0 0 1 1 1 0 1 1 1 1 1 1 1 0 1 0 0 1 0 0 0 1 1 1 0 0 1 0 1 0 1 1 0 1 0 0 1 0 0 1 1 0 0 1 1 0 
0 0 0 1 1 1 0 0 0 0 1 0 1 1 1 0 0 0 1 0 1 1 0 0 1 0 1 1 1 0 1 1 0 0 1 0 0 0 0 0 0 0 0 0 0 1 1 0 0 1 1 0 0 1 1 0 0 0 0 0 0 1 0 0 1 1 1 1 0 1 0 0 0 1 1 1 1 1 1 0 1 0 1 1 1 0 1 1 1 1 0 1 0 1 1 1 0 1 1 1 
0 0 0 1 0 1 0 1 0 0 0 1 1 1 1 0 1 1 1 1 0 1 0 1 1 1 1 1 1 1 0 0 0 0 0 1 0 1 1 1 0 1 0 0 1 1 1 1 1 0 0 0 1 0 1 0 1 1 1 1 1 0 0 1 0 1 0 0 0 1 0 1 1 1 1 0 0 1 0 0 1 0 0 1 1 0 0 1 1 1 1 0 0 0 1 1 0 0 1 0 
1 1 0 1 1 0 0 1 0 0 1 1 0 1 0 0 1 1 1 1 0 1 1 0 0 0 0 0 0 1 0 0 1 1 0 1 1 1 0 1 1 1 1 1 0 0 1 0 1 1 1 1 1 0 1 0 0 0 1 1 1 0 1 1 1 0 1 1 1 0 1 0 1 0 0 0 1 1 1 0 0 0 1 0 1 1 1 0 1 1 0 1 1 0 1 1 1 1 1 0 
0 0 1 1 1 1 1 0 0 0 1 0 0 1 0 0 1 1 1 1 1 1 0 0 1 0 1 1 1 0 1 1 1 0 1 0 1 0 1 1 1 1 0 1 1 1 1 1 0 0 1 1 0 0 0 0 1 0 0 1 0 0 1 1 1 1 1 0 1 1 1 0 1 1 0 0 0 0 0 0 1 1 0 0 1 1 1 0 0 0 1 1 0 0 0 0 0 0 1 0 
0 0 0 0 0 0 0 0 1 0 0 0 1 1 0 1 1 0 0 1 0 0 1 0 0 0 0 1 0 1 1 0 0 1 1 0 1 0 1 0 0 0 0 1 0 1 0 1 0 1 1 0 1 1 0 1 1 0 0 1 0 1 0 1 1 1 0 0 1 1 0 0 0 0 1 1 0 1 1 0 0 1 0 1 1 1 0 1 0 0 1 0 1 1 1 1 1 1 1 0 
0 1 0 1 1 1 1 1 0 0 0 1 0 1 0 0 1 1 1 1 0 0 0 1 1 1 0 0 0 1 0 1 1 1 0 1 0 1 1 0 1 1 1 0 1 0 0 0 0 0 1 1 1 0 0 0 0 1 0 1 1 1 0 0 1 0 0 1 0 1 0 0 0 1 0 0 0 1 1 1 0 0 0 1 1 0 1 1 1 0 1 1 1 1 0 1 1 1 0 0 
0 1 1 1 1 1 0 0 0 0 1 0 0 1 1 1 0 1 0 0 0 1 1 0 1 1 1 1 1 0 1 0 0 1 0 0 1 1 1 0 0 0 0 1 1 1 0 1 1 0 1 0 1 1 0 0 0 1 1 1 0 1 1 1 1 1 0 0 0 0 0 0 0 1 0 1 1 0 0 1 0 1 1 1 1 1 0 1 0 1 0 1 0 0 1 1 0 0 0 1 
1 1 1 0 1 1 1 0 1 1 1 1 0 0 1 1 0 1 1 0 1 0 0 0 0 0 0 0 0 1 1 0 0 0 0 0 0 1 0 0 0 0 0 1 1 0 0 0 0 1 1 0 0 1 1 0 1 0 0 0 1 1 1 1 0 0 0 0 1 1 0 0 1 0 1 1 1 1 1 0 1 0 1 1 0 1 0 1 1 0 0 0 0 1 1 0 0 1 0 1 
0 0 1 0 1 0 0 1 0 1 1 0 1 0 0 0 1 0 1 1 1 0 1 0 0 0 1 1 0 0 0 0 1 0 1 0 0 1 0 0 0 0 0 0 1 0 0 0 1 0 1 1 1 1 0 0 0 1 1 1 0 1 1 0 0 1 1 0 0 1 0 1 1 0 0 1 0 0 1 0 1 1 0 0 1 0 0 0 1 1 1 0 1 1 0 1 0 1 1 0 
1 0 1 0 1 1 0 0 0 0 1 0 1 1 1 1 0 0 1 1 1 0 0 1 1 0 0 0 1 0 1 1 1 1 0 0 1 0 0 1 0 0 1 1 1 0 1 1 1 0 1 0 1 0 1 0 0 0 0 0 1 0 1 1 0 0 0 1 0 1 1 1 0 0 0 1 1 1 0 0 1 0 1 1 1 1 1 1 1 1 0 1 0 1 1 0 1 1 0 1 
0 0 0 1 1 0 1 0 0 1 1 1 1 0 1 1 0 0 1 0 0 1 0 1 0 0 0 0 0 1 1 1 0 1 0 0 1 1 0 1 1 1 0 0 1 0 0 1 1 0 1 0 0 0 1 1 0 1 0 0 0 1 0 1 1 1 1 1 0 0 1 0 0 1 0 0 1 0 1 1 0 1 1 0 0 1 0 1 0 1 0 0 0 1 1 1 0 1 1 1 
1 0 0 0 1 1 1 0 0 0 1 0 0 1 0 0 1 1 0 1 0 0 0 1 1 1 0 1 0 1 1 1 1 1 1 0 0 0 0 0 1 1 1 1 1 1 1 0 1 1 1 0 0 0 1 1 1 0 0 0 0 0 1 1 1 0 0 1 1 0 1 0 1 1 0 0 1 0 0 0 1 0 1 1 0 0 0 1 1 0 1 0 0 1 0 1 0 0 1 0 
1 0 1 0 1 0 1 1 0 1 1 0 1 0 0 1 1 0 1 1 0 0 0 1 0 1 1 0 1 0 0 1 0 0 0 1 1 1 1 0 0 0 1 0 0 1 1 1 1 0 1 0 1 1 1 1 0 0 0 1 0 0 1 0 1 1 1 1 1 0 1 1 0 1 1 0 0 0 0 0 1 0 1 0 0 0 1 0 0 0 0 0 1 1 1 0 1 0 1 1 
0 1 0 0 0 0 1 0 1 1 1 0 1 0 1 1 1 1 1 0 1 0 1 1 1 0 1 1 1 0 1 0 0 0 0 0 1 0 0 0 0 1 0 1 1 1 0 0 1 1 0 0 1 0 0 0 1 0 0 0 0 0 0 0 1 0 0 1 1 1 0 0 0 0 0 0 0 1 0 1 1 1 1 0 1 1 1 1 0 1 0 0 1 1 1 0 0 0 1 1 
1 1 0 0 0 1 0 0 0 1 0 0 1 0 0 1 1 0 0 1 0 0 1 1 1 0 0 1 0 1 0 0 1 0 0 0 1 1 1 1 1 1 0 0 1 1 0 0 1 0 0 1 1 1 0 0 1 0 1 0 1 0 0 1 0 0 1 0 1 0 1 1 0 0 0 1 1 0 0 1 1 0 0 0 0 0 0 0 1 1 1 1 0 0 0 0 0 0 0 1 
0 0 1 0 0 0 0 0 0 1 0 0 1 0 1 0 1 1 1 0 0 0 0 1 0 1 1 1 0 0 0 0 0 1 0 1 1 1 1 0 1 1 0 0 0 0 1 0 1 1 0 0 1 1 0 0 0 0 1 0 1 0 0 1 1 1 1 0 0 1 1 0 1 0 1 0 0 1 1 0 1 0 1 0 1 0 1 0 0 0 0 1 0 0 1 1 0 0 1 0 
1 0 0 1 1 0 0 0 1 0 1 0 1 1 0 1 0 0 0 1 1 0 1 0 1 0 0 0 1 1 0 0 0 1 1 0 0 1 0 0 1 0 0 0 1 1 1 0 0 1 1 1 1 1 0 1 1 0 1 0 1 0 0 0 1 0 1 1 1 0 1 0 1 1 0 1 1 1 1 0 1 1 1 0 0 0 1 0 0 1 1 1 0 1 1 1 1 1 0 0 
1 1 0 1 1 0 0 1 1 1 0 1 0 0 0 1 1 1 0 0 1 0 0 1 0 1 0 1 0 0 1 1 0 1 1 0 0 1 0 1 0 0 0 1 1 0 0 1 1 0 0 1 0 1 0 0 0 1 1 1 1 0 0 0 0 0 0 1 1 0 0 0 0 1 0 1 0 0 1 1 0 0 1 1 1 1 1 1 0 0 1 1 0 0 0 1 0 0 0 1 
1 1 1 0 1 0 1 1 0 1 1 1 1 0 1 1 1 0 0 1 1 1 1 0 0 1 1 1 0 0 1 1 1 1 0 0 1 0 0 1 0 0 1 1 0 0 0 1 0 0 0 1 1 0 1 0 0 0 0 0 1 0 1 0 1 1 1 1 0 0 1 1 1 0 0 1 1 1 1 0 0 0 1 0 1 0 1 1 0 0 0 1 1 0 1 0 0 0 0 1 
1 0 1 0 0 0 1 1 1 0 1 1 1 1 0 0 0 0 1 1 0 0 1 1 0 0 1 1 1 1 1 1 0 0 1 1 0 1 0 1 0 1 0 1 1 0 0 1 1 1 0 1 1 0 0 1 0 1 0 0 1 0 1 0 1 1 1 0 0 0 1 1 1 1 1 0 0 1 0 1 1 1 0 1 1 0 1 0 1 1 1 1 0 0 0 0 0 1 0 0 
1 1 1 0 0 1 0 0 1 1 1 0 0 0 1 0 1 0 1 0 1 1 0 1 1 0 1 0 1 1 1 0 1 0 0 0 0 1 1 1 0 1 0 1 0 1 0 0 1 0 0 0 1 0 0 0 1 0 0 1 1 0 0 0 1 1 1 1 0 0 0 1 0 0 1 0 0 1 0 1 1 0 0 1 0 1 1 1 1 1 0 0 1 0 1 1 0 0 1 1 
1 1 0 0 1 0 1 0 1 1 0 0 0 0 1 0 0 1 1 1 1 0 1 0 0 1 1 1 1 1 1 0 0 1 0 0 0 0 0 0 0 0 1 1 1 1 1 0 0 0 0 1 1 0 0 0 1 1 1 1 1 0 1 0 0 1 1 1 0 0 1 0 1 1 1 1 1 1 1 0 1 0 0 0 0 1 0 0 0 1 0 0 1 0 0 0 0 0 0 1 
1 1 0 0 1 1 0 1 0 1 0 0 1 1 1 0 1 1 1 0 1 1 1 1 0 0 0 1 0 1 1 0 1 0 1 0 1 0 0 0 0 1 0 0 1 0 1 0 0 0 0 0 1 1 1 0 1 1 0 0 0 1 0 0 1 1 1 1 0 1 0 0 0 1 1 1 0 1 0 0 0 1 0 1 1 0 1 1 0 0 0 1 0 0 1 1 0 1 0 1 
0 1 0 1 1 1 1 0 0 0 1 0 0 1 1 1 1 1 1 0 1 0 1 0 1 1 0 1 1 0 1 1 0 1 0 0 0 0 1 0 0 1 0 1 1 0 1 0 1 0 0 1 1 1 1 1 0 0 1 1 0 0 0 1 0 1 0 0 1 1 1 0 1 0 1 1 0 1 0 1 1 1 0 0 1 0 1 1 0 0 0 0 0 1 0 0 0 0 1 0 
1 1 0 1 1 0 1 0 1 0 0 0 0 0 0 0 1 1 0 1 0 1 1 0 0 1 0 1 0 1 0 1 1 1 1 0 0 1 0 0 0 1 0 0 0 0 1 0 0 1 1 1 0 1 1 1 1 0 1 0 1 1 0 0 0 0 0 1 1 1 1 1 0 0 1 1 1 1 0 0 0 1 1 1 1 0 1 0 0 1 0 1 0 1 1 0 0 0 0 0 
1 1 0 1 1 1 1 1 0 0 1 1 0 0 0 0 1 0 1 1 0 1 1 1 0 1 0 1 0 1 0 0 1 0 1 0 1 0 1 1 1 1 0 0 0 0 1 0 0 1 0 1 0 0 0 1 0 0 0 0 0 0 0 0 0 0 0 0 1 0 0 0 0 1 1 0 0 0 0 0 0 1 0 1 1 1 0 0 0 1 1 1 0 1 0 1 0 1 0 0 
1 0 1 0 1 1 0 0 1 1 1 1 0 0 1 1 1 1 0 0 0 0 0 0 1 0 0 1 0 0 0 1 0 0 1 0 1 0 1 1 1 0 1 1 0 1 0 0 1 1 1 0 1 0 1 0 0 0 1 1 1 1 0 1 0 0 0 1 0 1 0 0 1 1 1 0 0 1 0 1 0 1 0 1 1 1 0 0 0 1 0 0 1 0 1 1 1 0 0 1 
1 1 0 1 0 1 0 1 0 1 1 1 0 1 0 0 0 0 1 1 1 0 0 1 1 0 0 0 1 1 1 1 1 1 0 0 0 0 1 0 1 0 1 0 0 1 0 0 0 1 0 1 0 0 0 0 1 1 1 1 0 0 1 1 0 1 1 0 0 0 0 1 0 0 1 0 0 0 0 0 0 1 0 1 0 1 1 0 1 1 1 1 1 0 0 1 0 1 0 0 
0 0 0 1 1 0 0 1 1 1 1 1 0 1 1 0 1 0 0 1 0 1 0 0 0 1 0 1 0 0 1 0 1 1 1 0 0 0 1 0 0 1 0 1 1 0 1 0 1 1 0 0 0 0 1 0 1 0 0 1 0 0 0 1 0 1 0 1 1 1 1 1 0 0 1 1 1 0 0 0 0 1 0 0 1 0 1 1 1 0 0 0 0 0 1 1 1 0 1 0 
1 0 1 1 0 1 0 1 1 0 1 0 0 1 1 1 1 1 0 0 1 1 1 0 1 1 0 1 1 1 1 1 1 0 1 1 1 1 0 1 1 1 0 0 0 0 0 0 1 1 1 1 0 0 1 0 1 0 0 0 1 0 1 0 0 0 1 0 0 0 1 0 0 1 0 1 1 1 1 1 1 1 0 1 0 0 1 1 0 0 0 0 1 0 0 0 0 1 1 1 
0 1 0 0 0 1 1 0 1 1 1 0 1 0 0 0 1 1 1 0 1 0 0 1 1 1 0 1 0 1 0 1 0 0 1 0 1 1 0 0 1 0 0 0 0 0 0 1 0 0 1 0 1 1 1 1 1 0 1 0 0 1 0 0 0 1 1 0 1 0 0 0 1 1 1 1 0 0 0 1 1 0 1 1 0 0 0 1 0 1 0 0 0 1 0 1 1 0 0 1 
0 0 1 1 0 1 0 1 1 0 0 1 1 1 1 0 1 1 1 0 0 0 1 1 0 1 0 1 1 1 1 0 0 1 0 0 1 1 0 0 1 1 1 0 0 1 1 1 0 0 0 0 1 1 0 0 0 0 1 0 0 1 1 1 1 1 1 1 1 1 0 1 1 0 1 1 1 0 0 1 1 0 0 1 1 1 1 0 0 0 1 0 1 1 1 0 0 1 1 1 
0 1 0 0 1 0 1 0 0 1 0 1 0 1 0 0 0 1 0 1 1 1 0 0 1 1 1 0 1 1 0 1 0 0 1 0 0 0 1 1 1 0 0 0 0 1 1 0 1 0 0 0 1 1 1 1 0 0 1 1 0 0 1 1 1 1 0 0 1 1 0 1 0 1 1 0 1 1 0 0 1 1 1 1 0 1 0 0 0 1 1 0 1 1 1 1 0 0 1 1 
1 0 1 0 1 1 1 0 1 1 1 1 0 1 0 0 1 0 0 1 1 0 0 0 0 1 1 0 1 1 0 0 0 1 0 1 1 0 0 0 1 1 1 0 0 0 1 1 0 1 0 0 0 0 1 0 0 0 0 0 1 1 1 1 1 1 1 0 0 0 0 0 0 0 0 0 0 1 0 1 1 1 1 0 1 1 1 0 1 0 1 1 0 1 1 0 0 0 1 1 
0 1 0 0 0 1 0 0 0 0 1 1 0 1 1 0 0 0 0 1 1 1 1 0 0 0 0 1 0 1 0 1 1 0 1 0 0 0 0 0 1 1 1 1 0 0 0 0 1 1 1 1 0 0 1 1 1 1 1 0 1 0 1 0 0 0 0 1 0 0 1 0 0 1 0 0 1 0 1 1 0 1 0 0 0 1 1 0 0 0 1 0 0 1 1 0 1 0 0 1 
0 1 0 1 1 0 0 0 1 1 1 1 0 1 1 1 0 0 1 1 0 0 1 1 1 1 1 1 0 1 0 0 1 1 1 1 1 0 0 1 0 0 1 0 1 0 1 0 1 0 0 1 0 0 1 0 0 1 1 0 1 0 0 0 0 0 0 1 1 0 1 1 0 0 1 0 1 1 0 1 1 0 1 1 0 1 0 0 0 0 1 1 1 1 1 0 0 1 0 0 
1 0 1 0 0 1 0 0 0 1 1 0 0 1 1 1 1 0 1 0 1 0 0 1 0 0 0 0 1 1 0 1 0 1 1 0 0 1 0 0 1 1 1 0 1 1 1 1 0 0 1 0 1 0 1 1 1 0 0 0 0 1 0 0 1 1 1 0 1 1 1 1 0 1 0 1 1 1 1 1 1 1 0 0 0 1 0 0 0 0 0 0 0 0 1 1 0 1 0 1 
0 0 0 1 0 0 1 0 0 1 1 0 0 1 0 0 1 0 1 1 0 1 1 0 0 1 1 0 1 0 1 0 1 0 0 0 0 1 0 0 0 1 0 1 1 0 1 0 1 1 1 0 1 1 0 1 0 0 0 1 1 0 1 1 1 0 1 1 1 0 1 0 0 0 1 1 0 0 1 1 0 0 0 0 1 0 0 0 0 0 1 0 0 0 1 1 1 1 0 0 
1 1 1 1 0 1 1 0 1 0 1 1 1 1 0 0 0 0 1 0 0 0 1 1 1 0 1 0 0 1 0 1 0 0 0 1 1 1 1 1 0 1 1 0 0 0 1 0 0 0 0 1 0 0 1 0 1 1 0 0 1 1 0 0 0 1 1 0 1 0 0 1 0 0 1 1 1 0 1 0 0 0 0 1 0 0 0 0 1 1 1 0 1 0 1 1 1 1 1 1 
0 1 1 1 1 0 1 1 0 0 0 0 1 0 1 0 0 1 0 0 0 0 1 1 1 0 1 1 1 1 1 0 1 1 0 1 1 0 0 0 1 1 1 0 0 0 1 0 0 0 1 0 1 0 0 1 0 0 0 1 1 0 0 1 0 0 1 1 0 1 0 1 1 1 0 0 1 0 1 1 0 1 1 0 1 0 1 1 1 1 0 1 0 1 1 1 0 1 1 1 
0 0 1 1 1 0 1 0 1 0 1 1 0 0 0 1 1 0 1 1 1 0 0 0 1 1 0 1 0 1 0 1 0 0 1 0 1 1 0 1 0 0 1 0 1 1 0 0 0 1 1 1 1 0 1 0 0 0 0 1 1 1 0 0 0 1 1 0 0 1 0 1 1 1 1 1 1 1 1 0 1 0 0 0 1 0 1 1 0 0 0 1 0 1 0 1 1 1 0 0 
1 0 1 1 0 0 1 1 1 0 0 0 0 1 0 0 0 0 0 0 1 1 0 1 1 0 0 1 0 0 1 1 0 0 0 1 0 1 0 1 1 0 0 1 0 1 0 1 1 0 0 0 1 0 1 1 0 1 0 0 1 1 1 1 0 0 0 0 0 0 1 0 1 1 1 0 0 1 1 0 1 0 0 0 1 0 1 1 1 1 0 0 1 0 0 0 1 1 1 1 
1 0 0 0 0 0 1 1 1 1 1 1 1 1 0 1 0 0 1 1 1 1 0 0 0 0 1 1 0 0 0 0 1 0 0 1 0 1 1 0 0 1 1 0 1 1 1 0 0 1 1 1 0 1 1 1 0 0 1 0 1 0 1 1 1 0 0 1 1 1 1 0 0 1 1 1 0 1 0 0 1 0 0 1 0 1 0 1 1 1 1 0 1 0 0 0 1 0 1 0 
0 1 1 1 0 1 1 0 0 0 0 0 1 0 0 0 1 0 1 1 1 1 0 0 0 1 0 0 0 0 1 0 0 0 1 1 0 1 0 1 1 1 1 1 0 1 0 0 1 0 1 1 0 1 0 0 0 0 1 0 0 1 0 1 0 0 0 0 0 0 0 0 1 1 1 0 1 0 1 0 1 0 0 0 0 0 1 0 1 1 0 0 0 1 1 1 0 1 1 1 
1 0 0 1 0 0 0 0 1 0 0 0 0 0 1 0 0 1 1 1 0 1 1 0 1 1 0 0 1 1 1 1 0 0 1 0 1 1 0 1 1 0 0 1 0 0 0 0 0 1 0 1 1 1 0 1 0 1 0 0 0 1 0 0 0 1 1 1 1 0 0 1 1 1 1 0 1 0 1 1 1 1 1 1 1 1 1 0 1 1 1 1 1 0 1 1 0 1 1 0 
1 1 0 1 0 0 0 1 0 1 1 0 1 0 0 0 1 0 0 0 0 1 0 0 1 0 0 0 1 0 0 1 1 0 0 0 1 0 0 0 0 1 0 1 1 0 0 0 1 0 0 1 1 0 1 1 1 1 0 1 1 1 1 0 1 1 1 1 0 1 1 1 1 0 0 1 0 1 1 0 1 1 1 0 0 1 1 1 1 1 0 0 0 1 1 0 0 1 1 1 
1 0 0 0 0 1 0 1 1 0 1 1 1 1 1 0 0 0 1 0 1 0 1 1 0 1 0 1 1 0 1 1 0 0 0 1 1 0 1 1 1 1 1 0 1 1 1 1 1 0 1 0 1 1 1 1 0 0 1 1 0 0 0 1 0 0 0 1 0 0 1 1 0 1 1 1 1 0 1 1 1 0 0 0 1 0 0 0 0 0 1 1 0 1 1 0 1 1 1 1 
1 1 0 1 1 1 1 0 1 1 0 1 0 0 0 0 1 0 1 0 0 0 1 1 1 0 1 0 0 0 1 1 0 1 0 1 0 1 0 1 0 0 0 0 1 0 1 0 0 0 1 1 1 1 0 1 0 1 1 1 1 0 0 1 0 0 1 0 0 0 1 1 1 1 0 1 1 1 0 0 0 0 1 0 1 0 1 0 0 1 0 0 0 0 1 0 1 0 0 1 
1 0 0 1 0 1 0 0 1 1 0 1 0 0 0 1 0 0 1 0 1 0 1 1 1 0 1 1 1 1 1 0 0 1 1 1 0 1 1 0 0 0 1 1 1 1 0 1 0 0 1 1 0 1 0 1 0 0 0 0 1 0 0 0 0 0 1 1 1 1 1 1 0 0 0 1 1 0 0 1 0 0 0 1 1 1 0 1 1 1 1 1 1 0 1 1 0 1 1 0 
0 0 1 0 1 1 1 1 0 1 1 0 1 1 0 0 1 1 1 0 0 1 1 0 1 0 0 0 0 1 1 1 0 0 0 1 0 0 0 0 1 0 0 0 1 0 1 1 1 0 0 1 1 0 1 0 0 1 0 1 1 1 1 0 0 0 1 0 0 0 0 1 0 0 0 0 0 1 1 0 0 0 1 0 0 1 1 1 0 0 1 1 1 0 0 0 1 0 0 1 
1 0 1 1 1 0 1 0 1 0 0 1 1 1 1 0 1 0 0 0 1 0 1 0 0 1 1 1 0 1 0 0 1 1 1 1 1 1 1 1 1 0 0 1 1 0 0 1 1 0 1 0 0 1 0 1 1 1 1 0 0 1 1 0 1 0 0 1 0 1 1 1 0 1 0 0 1 0 0 0 1 0 1 1 0 0 1 0 1 0 0 1 0 0 1 0 0 1 1 0 
1 1 1 0 1 0 0 0 1 1 0 0 0 0 1 0 1 0 0 0 1 1 0 0 1 0 1 0 0 0 0 1 1 1 1 0 0 0 0 1 0 1 0 0 0 1 0 0 0 1 1 1 1 0 0 0 1 1 0 0 1 1 1 0 0 1 1 1 0 0 1 0 0 0 0 1 1 0 1 1 0 1 0 1 1 1 0 1 1 1 1 1 0 0 0 1 1 1 1 0 
1 1 0 0 1 0 0 1 1 1 0 1 0 0 0 1 1 1 0 1 0 0 0 0 1 0 0 0 1 1 1 0 1 1 1 0 0 1 0 1 0 0 1 1 0 0 1 0 0 1 0 1 1 1 1 0 0 0 1 0 0 0 0 1 0 1 1 0 0 0 1 1 1 1 1 0 0 0 1 1 1 0 1 0 0 0 0 0 1 1 0 0 1 0 1 0 1 1 1 1 
0 1 1 1 0 1 1 0 1 1 0 0 0 1 0 1 1 0 0 0 0 1 1 0 0 0 1 0 1 1 0 0 1 1 1 0 0 0 0 1 0 0 0 1 1 0 0 1 1 1 1 1 1 1 1 1 1 1 0 0 1 1 0 1 1 0 0 1 1 0 0 0 0 1 1 1 0 1 0 1 1 1 1 0 0 0 1 1 1 1 1 1 0 0 1 0 1 1 1 0 
1 1 1 0 0 0 0 0 1 1 0 1 0 1 1 1 1 0 1 1 1 0 1 1 0 1 0 0 0 0 1 1 0 0 0 1 0 1 0 1 1 0 1 1 0 1 0 1 0 1 1 1 1 0 1 0 1 0 1 0 1 0 0 1 0 0 0 1 1 0 0 0 0 0 0 0 0 0 1 0 0 1 0 1 1 0 1 1 0 0 1 1 1 1 1 0 0 0 1 1 
1 0 1 0 1 1 0 0 1 0 0 1 0 1 0 0 1 0 0 0 0 1 1 1 1 1 0 1 0 1 1 1 1 0 1 0 0 0 1 0 1 0 0 1 0 1 1 0 0 1 1 1 0 0 1 1 0 0 1 0 0 1 0 1 0 0 0 0 0 0 0 0 0 1 0 0 1 0 0 1 1 0 0 0 1 1 1 0 0 0 0 0 0 0 0 1 1 0 0 0 
1 0 1 1 0 0 0 1 1 1 0 0 1 0 0 1 0 1 1 0 0 0 0 0 0 0 1 0 0 0 0 0 0 1 0 0 0 0 1 1 1 1 1 0 1 0 0 0 1 0 0 0 0 1 0 0 1 1 1 1 1 0 0 0 1 0 0 0 0 0 1 0 1 1 1 0 0 1 1 0 0 0 0 1 1 1 0 1 0 1 1 1 0 1 0 0 0 1 1 0 
0 0 1 1 0 1 1 0 1 1 0 0 0 1 0 0 1 1 1 1 1 0 1 1 0 1 1 0 0 1 1 0 0 1 0 0 1 1 0 0 0 1 0 0 0 0 0 1 0 1 1 0 0 0 1 1 1 1 1 1 1 0 0 1 0 1 1 0 1 1 0 1 0 0 0 0 0 0 1 0 1 0 0 0 1 1 1 0 0 0 1 0 1 0 0 0 1 0 0 1 
1 0 1 1 1 0 1 0 0 0 0 1 0 0 0 0 1 0 1 1 0 0 1 0 0 1 1 1 0 1 0 1 1 0 1 1 1 0 0 0 0 1 1 0 0 0 1 0 0 1 0 1 1 0 1 1 0 0 0 1 1 1 1 1 1 1 0 0 1 0 1 0 1 0 1 0 1 0 0 1 1 1 0 1 0 0 1 1 0 1 0 0 0 0 0 0 1 0 0 0 
1 1 1 0 0 1 1 0 0 0 1 0 1 1 0 0 1 1 1 0 1 0 0 1 0 0 0 0 1 0 1 1 0 1 0 0 1 0 0 1 1 0 1 0 1 0 0 0 1 1 1 1 0 1 1 1 0 1 1 1 0 1 1 0 0 1 1 0 0 1 1 1 1 0 1 0 1 0 1 1 1 0 0 0 0 1 1 1 1 1 1 0 0 1 1 1 0 1 1 1 
1 0 0 0 1 0 1 0 1 1 1 1 0 1 1 0 0 1 1 1 0 0 0 1 1 1 0 0 1 1 1 1 1 1 0 1 0 1 0 0 0 0 0 0 0 0 0 1 1 1 0 0 1 0 0 1 0 1 0 1 0 0 0 0 0 1 0 1 1 0 1 0 1 0 0 1 0 1 0 0 0 1 0 1 0 0 1 0 1 0 0 0 0 0 1 1 0 1 0 0 
1 0 0 0 1 0 0 0 1 1 1 1 1 0 1 1 1 1 1 0 0 1 0 1 1 1 0 0 0 0 0 0 0 0 1 0 1 1 0 1 0 0 1 1 1 1 0 0 1 1 0 1 0 0 0 0 1 0 0 1 0 1 0 1 1 0 0 0 0 1 1 0 1 0 1 0 0 1 1 0 0 1 0 0 1 1 0 0 1 1 1 1 0 1 1 1 1 0 1 0 
1 0 0 1 0 0 0 1 0 0 1 1 0 1 1 0 1 0 1 1 1 1 0 0 1 1 0 0 0 0 0 1 0 0 1 0 1 1 1 0 0 0 1 0 1 1 0 1 0 1 0 0 1 1 1 1 1 1 1 1 1 0 0 0 0 0 0 0 0 0 0 0 1 1 1 1 0 1 1 0 1 0 1 1 0 0 1 0 1 1 1 1 1 0 0 0 1 1 1 0 
1 1 0 1 1 1 0 1 1 0 0 1 0 0 0 0 1 0 0 1 0 1 0 1 1 0 0 0 1 0 0 0 0 1 0 1 0 0 1 0 0 0 1 0 1 1 0 0 1 0 1 1 1 0 0 1 0 1 0 1 1 1 1 1 0 0 1 1 1 0 1 0 0 0 1 0 1 1 0 0 0 0 1 0 1 0 1 1 1 1 1 0 1 0 0 1 1 0 1 0 
0 1 1 1 1 0 1 1 1 1 1 0 1 1 1 1 0 1 0 1 0 0 1 0 0 1 1 0 0 1 1 1 0 0 1 1 1 1 1 0 1 1 1 0 1 1 1 0 0 1 1 1 0 1 0 0 0 1 1 1 1 1 1 1 1 0 0 1 0 1 0 0 0 1 0 0 0 0 0 0 0 0 1 1 1 1 1 0 1 1 1 0 1 1 1 1 1 0 0 1 
1 0 0 1 0 0 0 0 1 0 0 0 1 0 1 0 0 1 1 0 0 1 0 0 1 0 1 1 0 0 0 1 0 1 0 0 1 0 0 1 0 0 0 0 1 0 1 1 0 0 0 0 1 0 0 0 0 1 1 1 0 0 0 0 1 0 0 1 1 0 0 0 0 1 0 0 1 0 1 1 0 0 0 1 0 1 0 1 0 1 1 1 0 1 1 1 1 0 1 0 
0 1 0 0 1 0 0 0 0 0 1 1 0 0 1 1 1 1 0 1 1 0 1 0 1 1 0 0 1 1 1 0 1 0 0 0 0 0 1 0 0 0 0 0 0 1 1 1 1 0 0 0 1 0 0 0 1 1 0 1 0 1 0 0 1 0 0 0 0 0 0 1 1 1 0 1 1 1 0 0 1 0 1 0 0 1 1 0 0 1 0 0 1 0 1 0 1 1 0 0 
1 0 1 1 0 0 0 0 0 1 1 1 1 0 0 1 1 0 0 1 1 1 1 1 1 0 1 1 1 1 1 1 1 1 0 0 1 1 0 1 1 1 0 0 1 1 0 1 1 0 0 0 1 1 0 0 0 0 1 0 0 1 1 1 0 1 1 1 0 0 0 0 0 0 0 0 0 0 0 1 0 1 0 1 1 1 0 1 0 0 1 1 1 1 1 0 0 1 1 1 
1 1 1 0 0 0 0 0 0 1 1 1 1 0 0 0 1 0 1 1 1 1 1 1 1 1 0 0 1 0 1 1 0 0 0 1 1 0 1 1 1 0 1 1 1 1 0 1 0 0 1 0 0 0 1 0 1 0 0 1 1 1 1 0 1 0 1 1 1 1 1 1 0 0 1 1 1 0 0 0 0 1 0 0 1 1 1 1 0 1 1 1 1 0 1 0 0 1 1 0 
1 0 1 0 0 0 0 1 1 0 0 0 0 1 1 0 1 1 1 1 1 1 1 0 0 0 1 0 0 0 1 1 1 0 0 0 0 0 1 0 0 0 0 1 0 1 1 1 1 1 0 0 1 1 1 0 0 0 0 1 0 0 0 0 1 0 1 1 1 1 1 1 1 0 1 0 1 0 1 1 0 0 1 1 1 0 1 0 1 0 0 0 1 0 0 1 1 0 1 0 
0 1 1 1 1 1 1 0 0 1 1 1 0 1 0 1 1 0 0 0 0 1 1 1 0 1 1 0 0 1 0 0 1 1 0 0 1 0 0 0 0 0 0 1 1 1 1 0 1 1 0 0 1 0 1 0 1 0 0 1 1 1 0 1 1 1 1 1 1 0 1 1 1 1 1 1 0 1 0 1 0 0 1 1 1 0 1 0 1 1 1 1 0 1 0 1 0 1 0 0 
0 1 0 1 1 1 0 0 0 1 1 0 0 0 0 1 1 0 1 1 0 0 0 1 1 0 1 1 1 1 0 0 0 1 0 1 1 0 1 0 1 1 1 0 0 1 0 1 1 0 0 0 0 1 0 1 1 0 0 1 0 1 0 1 0 1 0 1 0 1 0 0 1 1 0 0 1 0 0 1 1 0 1 1 1 1 1 1 0 0 1 1 0 0 0 0 0 0 1 1 
1 0 1 0 0 1 0 1 1 1 1 0 0 1 0 0 1 0 1 1 0 1 0 0 1 1 0 1 0 0 1 0 0 0 1 1 0 1 0 1 0 0 0 0 0 1 1 0 1 0 1 1 0 1 0 0 0 0 0 1 1 0 0 0 0 1 0 0 1 0 0 1 0 1 1 1 0 0 1 0 1 0 0 1 1 0 0 1 1 1 0 0 1 0 1 0 0 1 1 0 
0 1 1 0 1 1 0 0 0 1 0 1 1 1 0 1 1 1 1 1 0 0 1 1 0 0 0 0 0 1 0 0 1 0 1 1 1 1 1 0 1 1 0 1 1 1 0 0 0 1 1 1 1 0 1 0 1 1 0 1 0 0 1 1 0 1 1 0 1 1 0 0 0 1 1 0 0 0 0 0 0 0 1 0 1 0 0 0 1 1 1 0 1 1 1 1 0 0 0 1 
1 0 1 1 1 0 0 1 1 0 0 1 0 0 1 0 1 1 0 0 1 0 1 1 0 1 0 1 1 1 0 1 1 0 1 1 0 1 1 0 1 1 0 0 0 1 0 1 0 0 1 0 1 1 0 0 0 0 0 0 0 0 1 0 0 1 0 0 1 0 1 1 1 0 0 0 0 0 1 1 0 0 1 1 0 1 1 1 0 1 1 1 1 1 1 1 1 1 1 1 
1 0 1 1 1 1 0 1 0 0 0 1 0 1 1 1 1 1 1 1 1 1 0 0 0 1 0 1 0 0 1 0 1 1 0 1 1 0 1 0 1 1 0 1 0 1 1 0 1 1 1 0 0 0 1 1 0 0 0 1 0 1 0 0 0 0 0 1 1 1 0 1 1 1 0 0 0 0 0 1 0 1 1 1 0 0 0 1 1 0 1 0 1 1 1 1 0 0 0 1 
1 0 1 0 0 1 1 0 1 0 0 0 0 1 1 0 0 0 1 0 0 1 1 0 1 1 1 1 0 1 0 1 0 1 1 1 0 0 1 0 1 0 0 1 1 1 1 0 1 1 0 1 0 0 1 0 0 0 0 1 1 1 0 1 0 1 0 1 0 1 0 0 1 0 0 0 0 1 1 1 1 1 0 1 0 0 0 1 0 1 0 1 0 1 1 0 1 0 0 0 
1 0 1 0 0 1 1 0 1 0 1 1 1 0 0 0 1 1 1 1 0 1 0 0 0 1 1 0 0 1 0 0 1 1 1 1 1 0 0 0 1 0 1 0 1 0 0 0 1 1 1 1 0 0 1 1 1 1 0 0 0 1 0 1 0 0 1 0 1 0 0 0 1 0 0 0 1 0 0 1 1 1 0 1 0 0 0 0 0 1 1 1 1 1 0 0 1 0 1 0 
1 1 1 1 1 0 0 0 0 1 0 0 0 0 1 0 0 1 0 1 0 1 0 0 1 1 0 0 0 0 1 0 1 1 0 1 0 0 0 1 0 0 1 0 1 0 0 1 0 1 1 0 1 1 1 0 1 0 0 0 0 0 0 0 0 1 0 1 1 0 1 1 0 1 0 0 1 1 0 0 0 0 0 1 0 0 1 0 0 0 0 1 0 1 0 1 1 0 0 1 
1 0 1 0 0 0 1 1 0 1 1 0 1 0 1 1 0 0 1 1 0 1 1 0 0 1 0 1 1 0 1 1 1 0 1 1 1 1 0 1 1 0 0 1 1 1 1 0 0 0 1 1 0 1 0 1 1 0 0 1 0 1 0 0 1 1 0 1 1 1 1 0 1 1 0 1 0 1 0 0 1 0 1 1 0 0 0 1 1 1 0 1 0 1 1 1 1 1 1 0 
output:
31 33
40 2
41 28
45 6
49 32
50 10
51 29
60 97
66 80
73 51
79 18
84 59
90 45
